5624048164903862
4982098810375934
4556247355154896
5274981610494833
5928263940382624
4850593725243734
5830283474647383
4539916198916404
5849023837363733
5845038364784944
4938374859505983
4929492640095153
5473637484937363
4539941968056967
5647483409273744
4837364645839373
4024007104407142
5238394904504733
4958575783473833
4947362743849494
5947364754859484
4938347585950955
4847463638362363
4716352932402136
5675839303843747
5947362536748494
4374759590483473
4645758569606857
5957847646458458
4716814296639579
5847467354745858
5947351710190394
5000198374849273
5934847575859000
4940381018343711
4716604972761619
5747383940508457
5734623548598599
4856483937758595
4937836575895990
4937364585959557
5947364875859595
4893636485958588
4024007154549272
5857326464889949
4958657674848848
5947610191039408
5009192383018347
4836101837491034
4829120782734737
4929098047765486
4872719103845758
5836283943054847
4836262928484544
5375633177164815
5278294045857747
4940018162415121
4816172093038390
5525834126612016
4283203947457548
5832628394947474
5826151038347373
4826127103848478
4836727103848484
5938384950958575
5847171038474947
5158390162700953
5171023847585937
4736190103474834
4837108747256298
5873628405857484
5837271018938393
4836348509583473
4464849450957333
5846282948457474
5473826256103487
5594335602732936
5378485957363848
5326385405373733
5594065150034639
5348595834737444
5836363845959555
4626374940484747
5277748912216198
5439080591937372
5635151934849473
4735263949473638
5783628294846365
4352519103834749
4351510348474847
5256545777939871
5476452529403483
4747261034858494
5832627405484733
5317107708746011
5657498392734849
4736274859593733
4846362103739370
5271727595424309
4658765038726474