2772308858960130
1093766909838106
4905519826630706
8167662412602145
3484411033534072
7039600521151388
3437642748029911
8146425357908125
3960899908667469
1882831538759845
7649539759432593
6863785944743516
4310786175889253
4088147544613769
2984849689915706
2993535093272219
0715305495103482
6744784891122308
0189114959052624
6545694778163252
0972644050582781
2692283706049237
7137390889291882
0212269012784083
4824516076944066
5726733047946445
6948612165990932
1700463546232985
8336316116182187
9591449074605762
7285871277361973
5753083977649486
3805105115122986
1200945275976928
7570140730502423
9888529724100975
3250101417237846
9196760069317976
1766256698497716
6923620828618989
4235253211434299
8301928683333133
3113226068619062
9109568541916448
0944934376540364
8700864057496684
2642657134225843
6249209195638585
9251463118286829
6962858057725594
5591285696163691
6115110577047711
1249732894292371
9460904047718819
9595142253707733
7566841932707191
1160604228818897
8933799593185558
3804995098013777
9982368449754401
0846946825879945
7341771264726901
9687679591173119
8169379647555174
0991325375934025
3885798161316339
3013550095253467
0936369708250657
8139459637764999
7557348452796142
6437392702649931
6484594979680877
5450372292857858
2451104041160672
4691877203400368
3644218270753241
6678037598168995
0265532041293285
7776095401056541
8982624328758992
3405122712434429
8040396662202313
1898853084019228
8893907676372898
6278787367024753
5397596215212496
8565378544179377
9610286307522332
3795761303507974
1553125201614181
4075154462888311
1510170089372132
7425748691526772
5320577596806900
8098042467290530
5359429302731606
4858004976112570
7920504872828366
4939454723878960
0933436906803893
6222550249876502
1085082457157901
7661703960563660
7338026945767617
7906267123695939
7860348362649557
1390473177180861
9637657165428490
8702927178509889
7072196104726942
0457290628109295
0683466202014129
2000640299441112
5721641398981454
6114608652437567
9127781964031912
3099659529338989
9620673967900197
3030761308991343
2739169076273256
8994723085401295
6956958585593551
9479435870761757
7117516223002023
0201999954903837
2796446260661128
5929726018238359
6577441575593591
0674842005857362
6479271173177524
8189525254230321
8712784392644010
3832797139773898
6628141012598471
5643327372344902
0382749955533112
9908756040224439
3581761451958662
3620160708745175
8845410424700089
8381707185850395
9212668051970019
6410751130547457
8137051130278106
3211444290437127
7553407344129971
2373985507109509
5561650764672400
0867779619414353
8345586921972175
3963344956985239
0208281665618670
4965796319561542
2902349198521227
7967872107247932
7824718392134306
9942895524501819
6110273829305843
5723032702891654
3753652364311853
3556694267903443
0490262918369425
9186509354134295
9306684096449932
4767343942339127
5768249667394542
4536830858940146
7425937791133049
3603329661003556
4563852118839427
4141566532039270
2719530967322342
7984049753290446
1856049971596119
3831193950688350
2382514444805315
4684425129446021
0751059091199304
1080154130254440
5074164917448452
0942048439620923
6917080375142107
1648822739508003
9624193354554164
8663016421881605
9130560503595347
8277388492249873
1096266053961967
5556770156421146
4495946606979225
0562819331100092
7702246061635921
5345973341721364
9147322092674434
6071302686552887
0919954124589779
4841689662986228
4438991431926371
0088724792486409
8375901340750461
